6.790455805358793384e+01 7.308353143159007459e+01 7.835844385499558484e+01 8.494072164948453008e+01 9.109509202453988053e+01 9.722093023255814614e+01 1.031733333333333320e+02 1.090000000000000000e+02 1.151764705882352899e+02 1.214166666666666714e+02 1.281428571428571388e+02
7.040811110426803054e+01 7.671114720146613308e+01 8.382108110920347599e+01 9.231283138918345799e+01 1.012033195020746916e+02 1.086213592233009706e+02 1.163428571428571416e+02 1.260999999999999943e+02 1.351250000000000000e+02 1.420000000000000000e+02 1.515000000000000000e+02
7.057733175914994206e+01 7.806577289764685190e+01 8.376408597142048507e+01 9.099071054452021201e+01 1.005140845070422557e+02 1.089270386266094448e+02 1.169285714285714306e+02 1.257142857142857082e+02 1.351250000000000000e+02 1.423333333333333428e+02 1.532500000000000000e+02
6.973076923076922640e+01 7.759296774944697006e+01 8.485265464976671979e+01 9.161671802773497575e+01 9.887319698600646234e+01 1.078454391891891930e+02 1.165708812260536433e+02 1.250121951219512226e+02 1.335161290322580783e+02 1.420999999999999943e+02 1.501250000000000000e+02
6.878260869565217206e+01 7.867486201705970927e+01 8.578998902531037629e+01 9.202652378911272990e+01 9.960563651228778781e+01 1.089724770642201861e+02 1.168900547445255427e+02 1.245792000000000002e+02 1.340172413793103487e+02 1.420188679245283083e+02 1.504399999999999977e+02
7.000000000000000000e+01 7.902947368421052943e+01 8.600827186875301322e+01 9.329011446200846081e+01 9.987900099533763409e+01 1.070340985645437115e+02 1.171808062575210556e+02 1.248726655348047530e+02 1.323622881355932179e+02 1.405411764705882263e+02 1.496190476190476204e+02
6.820000000000000284e+01 7.833333333333332860e+01 8.642470069313169745e+01 9.393426352592400974e+01 1.009005567451820156e+02 1.087546700098504573e+02 1.164000731172313010e+02 1.252837194541415471e+02 1.335724637681159379e+02 1.416250000000000000e+02 1.504687500000000000e+02
6.900000000000000000e+01 7.750000000000000000e+01 8.725000000000000000e+01 9.602059925093632842e+01 1.027012888737001362e+02 1.099956965429950202e+02 1.174685012843727634e+02 1.250199738659697601e+02 1.335482406356413208e+02 1.414778325123152740e+02 1.511639344262295026e+02
7.333333333333332860e+01 nan 8.620000000000000284e+01 9.718918918918919303e+01 1.057610301457376778e+02 1.126885764412266155e+02 1.187733305760264670e+02 1.258936998414147723e+02 1.342529880478087705e+02 1.431707317073170600e+02 1.516865671641791096e+02
7.200000000000000000e+01 7.900000000000000000e+01 8.500000000000000000e+01 9.716666666666667140e+01 1.066617647058823479e+02 1.148945005611672343e+02 1.217993860928762473e+02 1.282647630515180310e+02 1.354539600772698122e+02 1.449162995594713550e+02 1.532368421052631504e+02
7.500000000000000000e+01 nan 9.300000000000000000e+01 1.010000000000000000e+02 1.092000000000000028e+02 1.169656488549618274e+02 1.246861926154710147e+02 1.301998917137101728e+02 1.367698296241949834e+02 1.455091463414634063e+02 1.537839999999999918e+02
